Alpha:0.09603282 Beta:1.000000 (Largest_Output-Second_Large_Output)/sqrt(2):1.340641 Batch:30 No.:60 label:7 attack_label:9
Alpha:0.08205106 Beta:1.000000 (Largest_Output-Second_Large_Output)/sqrt(2):0.188775 Batch:65 No.:76 label:7 attack_label:1
Alpha:0.08146859 Beta:1.000000 (Largest_Output-Second_Large_Output)/sqrt(2):2.186917 Batch:65 No.:61 label:7 attack_label:9
