Alpha:0.04403091 Beta:0.250000 (Largest_Output-Second_Large_Output)/sqrt(2):0.154602 Batch:65 No.:77 label:7 attack_label:2
Alpha:0.03362305 Beta:0.250000 (Largest_Output-Second_Large_Output)/sqrt(2):0.972328 Batch:96 No.:43 label:7 attack_label:1
Alpha:0.03047390 Beta:0.247860 (Largest_Output-Second_Large_Output)/sqrt(2):1.236727 Batch:65 No.:76 label:7 attack_label:2
