Alpha:0.05507058 Beta:0.997738 (Largest_Output-Second_Large_Output)/sqrt(2):3.638489 Batch:26 No.:50 label:8 attack_label:3
Alpha:0.04656793 Beta:1.000000 (Largest_Output-Second_Large_Output)/sqrt(2):1.702234 Batch:1 No.:75 label:7 attack_label:3
Alpha:0.01786996 Beta:1.000000 (Largest_Output-Second_Large_Output)/sqrt(2):3.290966 Batch:18 No.:62 label:4 attack_label:9
