Alpha:0.12254832 Beta:1.000000 (Largest_Output-Second_Large_Output)/sqrt(2):0.331286 Batch:0 No.:92 label:9 attack_label:4
Alpha:0.10984264 Beta:0.997752 (Largest_Output-Second_Large_Output)/sqrt(2):2.146836 Batch:30 No.:60 label:7 attack_label:9
Alpha:0.09629580 Beta:1.000000 (Largest_Output-Second_Large_Output)/sqrt(2):2.357343 Batch:31 No.:96 label:1 attack_label:7
