Alpha:0.01797225 Beta:0.250000 (Largest_Output-Second_Large_Output)/sqrt(2):0.157030 Batch:66 No.:32 label:9 attack_label:5
Alpha:0.01667418 Beta:0.250000 (Largest_Output-Second_Large_Output)/sqrt(2):2.780191 Batch:31 No.:96 label:1 attack_label:2
Alpha:0.01584510 Beta:0.250000 (Largest_Output-Second_Large_Output)/sqrt(2):3.160361 Batch:2 No.:24 label:1 attack_label:2
